$ 1 0.000005 10.20027730826997 50 5 50 5e-11
a 192 128 288 128 8 15 0 1000000 0.46153846153846156 -0.3594178687805399 100000
d 288 128 352 128 2 default
c 384 128 384 208 0 1e-10 -0.00004612754077366805 0.001
r 448 128 448 208 0 10000
w 384 128 448 128 0
g 384 208 384 224 0 0
O 448 128 512 128 0 0
200 192 144 144 144 0 130 40 0.6
162 448 208 448 304 2 default-led 1 0 0 0.01
g 448 304 448 320 0 0
a 192 224 288 224 8 15 0 1000000 -0.3594178687805399 -0.46153846153846156 100000
w 192 144 192 208 0
d 288 224 352 224 2 default
w 352 224 352 128 0
w 352 128 384 128 0
r 96 32 96 112 0 1500
r 96 112 96 208 0 120
r 96 208 96 288 0 1500
w 96 112 192 112 0
w 192 240 144 240 0
w 144 240 144 208 0
w 144 208 96 208 0
v 96 288 48 288 0 0 40 12 0 0 0.5
v 32 32 96 32 0 0 40 12 0 0 0.5
g 32 32 0 32 0 0
g 48 288 16 288 0 0
o 7 64 0 12295 0.4465855667742459 0.0001 0 1
o 6 64 0 12294 0.0007599574225496327 0.0001 1 1
